1 5.000000e-07 6.708204e-07 6.000000e-07 6.633250e-07 6.449341e-01 1.290478e-08
2 5.000000e-07 5.000000e-07 4.000000e-07 4.898979e-07 3.949341e-01 0.000000e+00
4 5.000000e-07 5.000000e-07 4.000000e-07 4.898979e-07 2.213230e-01 2.634178e-09
8 6.000000e-07 4.898979e-07 4.000000e-07 4.898979e-07 1.175120e-01 1.317089e-09
16 7.000000e-07 4.582576e-07 5.000000e-07 6.708204e-07 6.058753e-02 0.000000e+00
32 8.000000e-07 4.000000e-07 4.000000e-07 4.898979e-07 3.076680e-02 3.292723e-10
64 1.000000e-06 2.009718e-14 5.000000e-07 5.000000e-07 1.550357e-02 1.646361e-10
128 1.800000e-06 4.000000e-07 4.000000e-07 4.898979e-07 7.782062e-03 0.000000e+00
256 3.500000e-06 5.000000e-07 1.300000e-06 4.582576e-07 3.898631e-03 0.000000e+00
512 7.000000e-06 1.095445e-06 2.000000e-06 4.019437e-14 1.951219e-03 2.057952e-11
1024 1.370000e-05 4.450843e-06 3.000000e-06 4.472136e-07 9.760858e-04 0.000000e+00
2048 2.430000e-05 1.268858e-06 5.300000e-06 4.582576e-07 4.881621e-04 7.275958e-12
4096 4.950000e-05 3.801316e-06 1.060000e-05 4.898979e-07 2.441108e-04 0.000000e+00
8192 9.850000e-05 6.711930e-06 2.100000e-05 4.472136e-07 1.220629e-04 0.000000e+00
16384 1.955000e-04 1.134240e-05 4.110000e-05 5.385165e-07 6.103329e-05 0.000000e+00
32768 2.880000e-05 8.640000e-05 0.000000e+00 0.000000e+00 3.051711e-05 0.000000e+00
65536 2.338000e-04 2.863672e-04 6.280000e-05 6.289960e-05 1.525867e-05 0.000000e+00
131072 1.206600e-03 1.657861e-04 2.558000e-04 2.961351e-05 7.629365e-06 0.000000e+00
262144 2.175300e-03 4.261580e-04 4.462000e-04 6.534493e-05 3.814690e-06 0.000000e+00
524288 3.561900e-03 6.288893e-04 7.531000e-04 1.347111e-04 1.907347e-06 0.000000e+00
1048576 5.704500e-03 1.139543e-03 1.220000e-03 2.164851e-04 9.536739e-07 0.000000e+00
2097152 9.229600e-03 1.671539e-03 2.019800e-03 3.196619e-04 4.768370e-07 0.000000e+00
4194304 2.493210e-02 8.254508e-05 5.452300e-03 2.432189e-04 2.384186e-07 0.000000e+00
8388608 4.781760e-02 2.899002e-03 1.036860e-02 5.755471e-04 1.192093e-07 0.000000e+00
16777216 3.462490e-02 4.240672e-02 7.294700e-03 8.961680e-03 5.960464e-08 8.881784e-16
33554432 4.611360e-02 7.159545e-02 1.343840e-02 1.699841e-02 2.980232e-08 0.000000e+00
67108864 1.216564e-01 1.388426e-01 3.577410e-02 3.484902e-02 1.490116e-08 0.000000e+00
134217728 3.389839e-01 2.840375e-01 9.387270e-02 4.823851e-02 7.450581e-09 0.000000e+00
268435456 8.677713e-01 3.144338e-01 2.256915e-01 5.945592e-03 3.725290e-09 0.000000e+00
536870912 2.488224e+00 6.213513e-01 5.871234e-01 4.894768e-02 1.862645e-09 0.000000e+00
1073741824 5.361913e+00 2.527150e-03 1.171626e+00 1.091152e-03 9.313226e-10 0.000000e+00
