1 9.000000e-07 7.000000e-07 6.449341e-01 1.290478e-08
2 5.000000e-07 4.000000e-07 3.949341e-01 0.000000e+00
4 6.000000e-07 6.000000e-07 2.213230e-01 2.634178e-09
8 7.000000e-07 6.000000e-07 1.175120e-01 1.317089e-09
16 1.000000e-06 9.000000e-07 6.058753e-02 0.000000e+00
32 1.100000e-06 1.000000e-06 3.076680e-02 3.292723e-10
64 2.000000e-06 1.000000e-06 1.550357e-02 1.646361e-10
128 3.400000e-06 1.800000e-06 7.782062e-03 0.000000e+00
256 7.000000e-06 3.000000e-06 3.898631e-03 0.000000e+00
512 1.340000e-05 5.600000e-06 1.951219e-03 2.057952e-11
1024 2.570000e-05 1.020000e-05 9.760858e-04 0.000000e+00
2048 5.600000e-05 1.980000e-05 4.881621e-04 7.275958e-12
4096 1.044000e-04 3.910000e-05 2.441108e-04 0.000000e+00
8192 2.031000e-04 8.060000e-05 1.220629e-04 0.000000e+00
16384 4.083000e-04 1.618000e-04 6.103329e-05 0.000000e+00
32768 8.412000e-04 3.145000e-04 3.051711e-05 0.000000e+00
65536 1.679700e-03 6.267000e-04 1.525867e-05 0.000000e+00
131072 3.338800e-03 1.257800e-03 7.629365e-06 0.000000e+00
262144 6.670200e-03 2.518600e-03 3.814690e-06 0.000000e+00
524288 1.320050e-02 5.018100e-03 1.907347e-06 0.000000e+00
1048576 2.622660e-02 9.920000e-03 9.536739e-07 0.000000e+00
2097152 5.247420e-02 1.985880e-02 4.768370e-07 0.000000e+00
4194304 8.431270e-02 2.865850e-02 2.384186e-07 0.000000e+00
8388608 1.012182e-01 3.298900e-02 1.192093e-07 0.000000e+00
16777216 2.024074e-01 6.669550e-02 5.960464e-08 8.881784e-16
33554432 4.034769e-01 1.333208e-01 2.980232e-08 0.000000e+00
67108864 8.064110e-01 2.667456e-01 1.490116e-08 0.000000e+00
134217728 1.625630e+00 5.497495e-01 7.450581e-09 0.000000e+00
268435456 3.267029e+00 1.119549e+00 3.725290e-09 0.000000e+00
536870912 6.810310e+00 2.224710e+00 1.862645e-09 0.000000e+00
1073741824 1.324899e+01 4.712913e+00 9.313226e-10 0.000000e+00
